,Time,Trees,Trees_est,Cull_cost,Cull_count,User_budget,Manager_budget
1,1,98721,98721,65,900,2000,553.3298542
2,2,97821,97821,65,930,2075,553.3298542
3,3,96891,96891,59,1080,2150,498.9044197
4,4,95811,95811,50,1320,2225,403.3393877
5,5,94491,94491,70,960,2300,600.4926091
6,6,93531,93531,46,1530,2375,362.2710824
7,7,92001,92001,74,977,2450,646.226591
8,8,91024,91024,55,1350,2525,457.1781711
9,9,89674,89674,60,1290,2600,506.434361
10,10,88384,88384,64,1230,2675,549.1911757
11,11,87154,87154,46,1770,2750,367.9217282
12,12,85384,85384,71,1170,2825,614.0665359
13,13,84214,84214,46,1890,2900,369.0511805
14,14,82324,82324,70,1260,2975,609.3456411
15,15,81064,81064,60,1500,3050,507.9213477
16,16,79564,79564,55,1680,3125,459.2178732
17,17,77884,77884,69,1380,3200,590.9481897
18,18,76504,76504,44,2220,3275,348.38741
19,19,74284,74284,70,1410,3350,608.9646485
20,20,72874,72874,49,2070,3425,393.8500289
21,21,70804,70804,66,1590,3500,560.035102
22,22,69214,69214,66,1620,3575,561.0308514
23,23,67594,67594,51,2130,3650,418.7238806
24,24,65464,65464,71,1560,3725,618.5393246
25,25,63904,63904,44,2580,3800,347.5826007
26,26,61324,61324,68,1680,3875,585.7873486
27,27,59644,59644,53,2220,3950,432.717542
28,28,57424,57424,60,2010,4025,504.8406696
29,29,55414,55414,70,1740,4100,609.2096966
30,30,53674,53674,49,2550,4175,391.0593737
31,31,51124,51124,72,1761,4250,628.3458344
32,32,49363,49363,46,2820,4325,365.737855
33,33,46543,46543,64,2040,4400,547.7210848
34,34,44503,44503,57,2340,4475,479.7651349
35,35,42163,42163,55,2460,4550,451.0814816
36,36,39703,39703,74,1837,4625,645.7765942
37,37,37866,37866,48,2910,4700,380.5271875
38,38,34956,34956,71,2000,4775,619.2765676
39,39,32956,32956,50,2910,4850,400.4349593
40,40,30046,30046,60,2460,4925,500.0855007
41,41,27586,27586,62,2400,5000,528.0008589
42,42,25186,25186,50,3030,5075,405.8349035
43,43,22156,22156,76,1953,5150,665.5994344
44,44,20203,20203,48,3240,5225,389.0105117
45,45,16963,16963,69,2280,5300,592.9219609
46,46,14683,14683,54,2970,5375,446.9471016
47,47,11713,11713,54,3000,5450,449.5804898
48,48,8713,8713,67,2459,5525,570.3171817
49,49,6254,6254,47,3570,5600,374.9563346
50,50,3131,3131,76,2203,5675,665.8139209
51,1,97646,97646,46,1290,2000,362.4607267
52,2,96356,96356,46,1350,2075,362.4607267
53,3,95006,95006,67,960,2150,570.9197861
54,4,94046,94046,23,2880,2225,133.8782111
55,5,91166,91166,20,3450,2300,108.1517392
56,6,87716,87716,70,990,2375,607.2514801
57,7,86726,86726,51,1440,2450,415.6677686
58,8,85286,85286,72,1050,2525,620.1330153
59,9,84236,84236,98,551,2600,884.8922429
60,10,83685,83685,48,1650,2675,383.6995073
61,11,82035,82035,60,1350,2750,508.517734
62,12,80685,80685,77,1052,2825,673.5275094
63,13,79633,79633,46,1890,2900,361.3302149
64,14,77743,77743,86,938,2975,769.4489622
65,15,76805,76805,92,741,3050,824.4639813
66,16,76064,76064,46,2010,3125,360.3038794
67,17,74054,74054,64,1500,3200,548.0379278
68,18,72554,72554,40,2430,3275,300.4755913
69,19,70124,70124,10,8059,3350,1
70,20,62065,62065,62,1650,3425,521.0373638
71,21,60415,60415,59,1770,3500,498.0937893
72,22,58645,58645,57,1860,3575,478.8593298
73,23,56785,56785,100,834,3650,907.6453385
74,24,55951,55951,62,1800,3725,523.5202199
75,25,54151,54151,48,2370,3800,388.1316696
76,26,51781,51781,81,1311,3875,714.8808914
77,27,50470,50470,50,2370,3950,406.8939024
78,28,48100,48100,70,1710,4025,603.4631558
79,29,46390,46390,102,934,4100,923.2665789
80,30,45456,45456,53,2340,4175,439.170456
81,31,43116,43116,57,2220,4250,471.6940759
82,32,40896,40896,55,2340,4325,456.0651824
83,33,38556,38556,10,9342,4400,1
84,34,29214,29214,46,2910,4475,366.6408013
85,35,26304,26304,68,1980,4550,582.3071842
86,36,24324,24324,49,2820,4625,395.3692851
87,37,21504,21504,93,1222,4700,836.1484988
88,38,20282,20282,79,1717,4775,694.0003732
89,39,18565,18565,42,3450,4850,321.0889053
90,40,15115,15115,77,1808,4925,676.7660828
91,41,13307,13307,61,2430,5000,511.9419646
92,42,10877,10877,55,2760,5075,454.3614406
93,43,8134,8134,102,1222,5150,929.5404126
94,44,6957,6957,68,2280,5225,583.5548669
95,45,4813,4813,48,3300,5300,389.5938716
96,46,2219,2219,65,2460,5375,552.8530893
97,47,1038,1038,16,8611,5450,64.10297489
98,48,0,0,NA,NA,5525,188.4585767
99,NA,NA,NA,NA,NA,NA,NA
100,NA,NA,NA,NA,NA,NA,NA
101,1,97149,97149,21,2850,2000,113.3566655
102,2,94299,94299,21,2940,2075,113.3566655
103,3,91359,91359,64,990,2150,541.4066036
104,4,90369,90369,49,1350,2225,390.5694357
105,5,89019,89019,84,738,2300,743.9883651
106,6,88281,88281,25,2850,2375,153.7506541
107,7,85431,85431,98,511,2450,883.4245469
108,8,84920,84920,71,1050,2525,618.3791777
109,9,83870,83870,30,2580,2600,207.31794
110,10,81290,81290,61,1290,2675,519.2635231
111,11,80000,80000,60,1350,2750,500.0291148
112,12,78650,78650,71,1170,2825,615.4724102
113,13,77480,77480,30,2880,2900,201.1101412
114,14,74600,74600,118,515,2975,1082.737929
115,15,74085,74085,36,2520,3050,263.9778889
116,16,71565,71565,51,1830,3125,411.0216027
117,17,69735,69735,52,1830,3200,420.5977747
118,18,67905,67905,77,1231,3275,671.9554748
119,19,66674,66674,45,2220,3350,352.2260924
120,20,64454,64454,60,1710,3425,505.6216203
121,21,62744,62744,106,734,3500,968.0500257
122,22,62010,62010,21,5095,3575,113.3566655
123,23,56915,56915,64,1710,3650,541.4066036
124,24,55205,55205,49,2280,3725,390.5694357
125,25,52925,52925,84,1228,3800,743.9883651
126,26,51697,51697,25,4650,3875,153.7506541
127,27,47047,47047,98,930,3950,883.4245469
128,28,46117,46117,71,1654,4025,618.3791777
129,29,44463,44463,30,4080,4100,207.31794
130,30,40383,40383,61,2040,4175,519.2635231
131,31,38343,38343,60,2100,4250,500.0291148
132,32,36243,36243,71,1797,4325,615.4724102
133,33,34446,34446,30,4380,4400,201.1101412
134,34,30066,30066,118,883,4475,1082.737929
135,35,29183,29183,36,3780,4550,263.9778889
136,36,25403,25403,51,2700,4625,411.0216027
137,37,22703,22703,52,2700,4700,420.5977747
138,38,20003,20003,77,1763,4775,671.9554748
139,39,18240,18240,45,3210,4850,352.2260924
140,40,15030,15030,60,2460,4925,505.6216203
141,41,12570,12570,106,1122,5000,968.0500257
142,42,11448,11448,21,6943,5075,113.3566655
143,43,4556,4556,64,2400,5150,541.4066036
144,44,2721,2721,49,3180,5225,390.5694357
145,45,1382,1382,84,1713,5300,743.9883651
146,46,861,861,25,6349,5375,153.7506541
147,47,0,0,NA,NA,5450,883.4245469
148,NA,NA,NA,NA,NA,NA,NA
149,NA,NA,NA,NA,NA,NA,NA
150,NA,NA,NA,NA,NA,NA,NA
151,1,97657,97657,60,990,2000,504.5724434
152,2,96667,96667,60,1020,2075,504.5724434
153,3,95647,95647,36,1770,2150,262.5205385
154,4,93877,93877,65,1020,2225,550.2939581
155,5,92857,92857,73,909,2300,634.6464997
156,6,91948,91948,69,1020,2375,591.7172515
157,7,90928,90928,77,908,2450,672.1175211
158,8,90020,90020,44,1710,2525,343.3060346
159,9,88310,88310,53,1470,2600,431.0719514
160,10,86840,86840,41,1950,2675,314.1118718
161,11,84890,84890,59,1380,2750,496.2244763
162,12,83510,83510,71,1170,2825,617.3132785
163,13,82340,82340,73,1170,2900,636.8139364
164,14,81170,81170,71,1230,2975,613.4162319
165,15,79940,79940,55,1650,3050,457.2767453
166,16,78290,78290,44,2130,3125,341.8005175
167,17,76160,76160,48,1980,3200,384.7481239
168,18,74180,74180,52,1860,3275,428.5738539
169,19,72320,72320,70,1410,3350,608.5842432
170,20,70910,70910,77,1268,3425,672.3816407
171,21,69642,69642,65,1590,3500,557.7319808
172,22,68052,68052,66,1620,3575,569.2068373
173,23,66432,66432,35,3120,3650,255.7276006
174,24,63312,63312,55,2010,3725,458.9480018
175,25,61302,61302,45,2520,3800,357.0414701
176,26,58782,58782,70,1650,3875,607.2234777
177,27,57132,57132,79,1396,3950,691.7576519
178,28,55736,55736,61,1950,4025,518.3927038
179,29,53786,53786,76,1544,4100,660.779378
180,30,52242,52242,29,4290,4175,191.9382088
181,31,47952,47952,61,2070,4250,519.6843332
182,32,45882,45882,39,3300,4325,294.1406225
183,33,42582,42582,70,1860,4400,608.0371501
184,34,40722,40722,79,1617,4475,693.1498306
185,35,39105,39105,60,2250,4550,503.5479596
186,36,36855,36855,81,1572,4625,718.624944
187,37,35283,35283,26,5391,4700,165.503012
188,38,29892,29892,65,2190,4775,552.2012557
189,39,27702,27702,35,4140,4850,252.2837155
190,40,23562,23562,70,2100,4925,603.4461246
191,41,21462,21462,77,1852,5000,679.5821419
192,42,19610,19610,61,2490,5075,514.7668183
193,43,17120,17120,83,1700,5150,736.9007745
194,44,15420,15420,28,5559,5225,184.1919776
195,45,9861,9861,64,2460,5300,547.4873253
196,46,7401,7401,34,4738,5375,240.6338092
197,47,3112,3112,68,2400,5450,585.8736911
198,48,1786,1786,75,2168,5525,657.526152
199,49,959,959,64,2610,5600,547.2807119
200,50,259,259,81,1933,5675,718.1221541
201,1,94628,94628,11,5427,2000,10
202,2,89201,89201,11,5623,2075,10
203,3,83578,83578,63,1020,2150,539.16417
204,4,82558,82558,74,900,2225,646.8805628
205,5,81658,81658,75,898,2300,657.1691148
206,6,80760,80760,67,1050,2375,570.1029478
207,7,79710,79710,36,2040,2450,262.1353542
208,8,77670,77670,105,475,2525,954.7657064
209,9,77195,77195,97,563,2600,870.5664732
210,10,76632,76632,40,1980,2675,305.9137057
211,11,74652,74652,68,1200,2750,583.1861981
212,12,73452,73452,64,1320,2825,549.9715316
213,13,72132,72132,83,969,2900,732.2940804
214,14,71163,71163,58,1530,2975,483.9324533
215,15,69633,69633,11,7491,3050,10
216,16,62142,62142,69,1350,3125,590.2834245
217,17,60792,60792,66,1440,3200,562.8202973
218,18,59352,59352,24,4080,3275,149.6715604
219,19,55272,55272,35,2850,3350,257.0919956
220,20,52422,52422,27,3780,3425,175.4483973
221,21,48642,48642,78,1266,3500,680.1436876
222,22,47376,47376,63,1680,3575,535.3409885
223,23,45696,45696,11,8341,3650,10
224,24,37355,37355,74,1492,3725,644.1564371
225,25,35863,35863,84,1215,3800,745.0845905
226,26,34648,34648,71,1620,3875,614.9184654
227,27,33028,33028,67,1740,3950,578.173115
228,28,31288,31288,43,2790,4025,337.854432
229,29,28498,28498,107,895,4100,970.6739381
230,30,27603,27603,92,1083,4175,827.5172206
231,31,26520,26520,31,4110,4250,212.2459964
232,32,22410,22410,68,1890,4325,580.021466
233,33,20520,20520,67,1950,4400,571.1529439
234,34,18570,18570,71,1890,4475,616.6527685
235,35,16680,16680,49,2760,4550,395.5910498
236,36,13920,13920,11,9206,4625,10
237,37,4963,4963,70,2010,4700,603.7496491
238,38,3446,3446,65,2190,4775,551.4225702
239,39,2139,2139,16,7964,4850,69.10813945
240,40,12,12,39,3780,4925,293.2902818
241,41,0,0,NA,NA,5000,288.4813977
242,NA,NA,NA,NA,NA,NA,NA
243,NA,NA,NA,NA,NA,NA,NA
244,NA,NA,NA,NA,NA,NA,NA
245,NA,NA,NA,NA,NA,NA,NA
246,NA,NA,NA,NA,NA,NA,NA
247,NA,NA,NA,NA,NA,NA,NA
248,NA,NA,NA,NA,NA,NA,NA
249,NA,NA,NA,NA,NA,NA,NA
250,NA,NA,NA,NA,NA,NA,NA
